0
44108893
1638314017
692972443
1324920469
1201846837
260328221
45161593
1200834251
289732837
2783567861
2335447319
25697099
1644224209
2395319089
750738019
771933917
788964487
774635747
223588787
1099649477
992970691
2721181873
2851679143
52443499
1603080709
385289119
869335043
3296169911
1417141549
3449043127
1339357553
986838011
2299609283
913890689
4002792191
1745269541
252781117
190321777
2761148213
280652731
2722974823
862224911
774660871
4107264547
3840782017
673118119
73261229
344152637
1644198889
846242599
3909772157
3503460091
106068421
1466702269
2290808831
728875841
1671670417
18934687
3468716099
2281456249
705926653
674406673
1446458173
174328907
924809759
1814294093
279510227
1022018513
951959329
824697271
330183559
1011991333
2263803281
2789770549
3255498709
663596249
289108277
127015519
3561625537
21805841
71454083
3717466487
1300483651
289768613
1100508191
3522450738
2634191041
1200834251
2191549668
289732837
2783567861
2335447319
3759237929
2362627418
3828093743
996916777
1783015139
181543489
826124287
3225432493
4287446477
413126081
1620155819
653230871
2177517165
2883743171
266301851
199688927
491034143
503795419
2709259207
2228520264
1440441361
1836876191
395031589
2659622011
3431198929
1855590313
2615376433
3179091413
372780557
133100159
3314338667
365319599
3110065471
1630720009
2720584556
1587493433
839811131
3653307253
3756726187
3538987964
3265841139
1967712931
1720413493
1033037023
90216859
527453027
3559616990
521223343
3171841619
3495089316
3676506217
3234193089
2290808831
728875841
1671670417
3049298206
2246373763
1272109037
4052000969
3149712091
1360160513
2175244793
4168844132
4250300881
3845546829
1814294093
279510227
1022018513
951959329
824697271
330183559
3706079808
1011991333
2322176814
2263803281
2789770549
3255498709
2202820815
3276227975
663596249
289108277
127015519
2364438115
3561625537
3207162208
266983061
3391260889
813983707
1610750333
